"","X1mo","X3mo","X6mo","X1yr","X2yr","X3yr","X5yr","X7r","X10yr","X20yr","X30yr"
"X1mo",3.58441611984506e-07,9.66288672533102e-08,5.76681382707658e-08,5.02203645100934e-08,3.65460618570764e-08,3.59034621372266e-08,3.12360382589032e-08,2.83193129969945e-08,2.5497509519996e-08,2.08028835948763e-08,1.93829967238777e-08
"X3mo",9.66288672533102e-08,1.56104400155086e-07,9.71928050339269e-08,8.02742181245123e-08,6.8664250982477e-08,6.67070355481845e-08,6.04633222981799e-08,5.38225796687483e-08,4.66302243142189e-08,3.80436520305175e-08,3.54168960338846e-08
"X6mo",5.76681382707658e-08,9.71928050339269e-08,1.18813472725747e-07,1.07092709303693e-07,1.03646664330424e-07,1.01662202438219e-07,9.33841377888362e-08,8.4230989330317e-08,7.25465463933184e-08,5.7686684266767e-08,5.21293411391572e-08
"X1yr",5.02203645100934e-08,8.02742181245123e-08,1.07092709303693e-07,1.60330690470172e-07,1.68470893514569e-07,1.668849915e-07,1.55634093652017e-07,1.41707771295239e-07,1.21141617040039e-07,9.39827428887457e-08,8.40715191022908e-08
"X2yr",3.65460618570764e-08,6.8664250982477e-08,1.03646664330424e-07,1.68470893514569e-07,2.68541100357853e-07,2.69520453513682e-07,2.6615044673786e-07,2.48309216492585e-07,2.16105690476222e-07,1.7257323929257e-07,1.54762334661407e-07
"X3yr",3.59034621372266e-08,6.67070355481845e-08,1.01662202438219e-07,1.668849915e-07,2.69520453513682e-07,3.02998885422912e-07,3.0528802482991e-07,2.92614052167954e-07,2.59706931180736e-07,2.14081942316168e-07,1.94432695226701e-07
"X5yr",3.12360382589032e-08,6.04633222981799e-08,9.33841377888362e-08,1.55634093652017e-07,2.6615044673786e-07,3.0528802482991e-07,3.42472605601789e-07,3.37789159384433e-07,3.08723486222932e-07,2.66563936947706e-07,2.45731650450762e-07
"X7r",2.83193129969945e-08,5.38225796687483e-08,8.4230989330317e-08,1.41707771295239e-07,2.48309216492585e-07,2.92614052167954e-07,3.37789159384433e-07,3.52484516388027e-07,3.27651112708152e-07,2.93459718194562e-07,2.74401498084116e-07
"X10yr",2.5497509519996e-08,4.66302243142189e-08,7.25465463933184e-08,1.21141617040039e-07,2.16105690476222e-07,2.59706931180736e-07,3.08723486222932e-07,3.27651112708152e-07,3.21688709836163e-07,2.96779474676606e-07,2.81972154565184e-07
"X20yr",2.08028835948763e-08,3.80436520305175e-08,5.7686684266767e-08,9.39827428887457e-08,1.7257323929257e-07,2.14081942316168e-07,2.66563936947706e-07,2.93459718194562e-07,2.96779474676606e-07,3.01205062498842e-07,2.88435104556731e-07
"X30yr",1.93829967238777e-08,3.54168960338846e-08,5.21293411391572e-08,8.40715191022908e-08,1.54762334661407e-07,1.94432695226701e-07,2.45731650450762e-07,2.74401498084116e-07,2.81972154565184e-07,2.88435104556731e-07,2.90109977141429e-07
